batch: 8
data_config: data/raw/hbfmid/data.yaml
degrees: 8.707584864293766
device: cpu
dropout: 0.1331623403974767
epochs: 100 # patience ist auf 7 sofern das modell nicht besser wird, wird das training abgebrochen
experiment_name: fracture-yolo
imgsz: 640
learning_rate: 0.001111534355652253
lr0: 0.001111534355652253
model: yolov8n.pt
mosaic: 0.7167436879985997
run_name: final_model_after_tuning
scale: 0.40006084812811604
weight_decay: 0.000581163482611298
